100
1 gotoif 0 99
2 gotoif 0 98
3 gotoif 0 97
4 gotoif 0 96
5 gotoif 0 95
6 gotoif 0 94
7 gotoif 0 93
8 gotoif 0 92
9 gotoif 0 91
10 gotoif 0 90
11 gotoif 0 89
12 gotoif 0 88
13 gotoif 0 87
14 gotoif 0 86
15 gotoif 0 85
16 gotoif 0 84
17 gotoif 0 83
18 gotoif 0 82
19 gotoif 0 81
20 gotoif 0 80
21 gotoif 0 79
22 gotoif 0 78
23 gotoif 0 77
24 gotoif 0 76
25 gotoif 0 75
26 gotoif 0 74
27 gotoif 0 73
28 gotoif 0 72
29 gotoif 0 71
30 gotoif 0 70
31 gotoif 0 69
32 gotoif 0 68
33 gotoif 0 67
34 gotoif 0 66
35 gotoif 0 65
36 gotoif 0 64
37 gotoif 0 63
38 gotoif 0 62
39 gotoif 0 61
40 gotoif 0 60
41 gotoif 0 59
42 gotoif 0 58
43 gotoif 0 57
44 gotoif 0 56
45 gotoif 0 55
46 gotoif 0 54
47 gotoif 0 53
48 gotoif 0 52
49 gotoif 0 51
50 gotoif 0 100
51 gotoif 0 50
52 gotoif 0 49
53 gotoif 0 48
54 gotoif 0 47
55 gotoif 0 46
56 gotoif 0 45
57 gotoif 0 44
58 gotoif 0 43
59 gotoif 0 42
60 gotoif 0 41
61 gotoif 0 40
62 gotoif 0 39
63 gotoif 0 38
64 gotoif 0 37
65 gotoif 0 36
66 gotoif 0 35
67 gotoif 0 34
68 gotoif 0 33
69 gotoif 0 32
70 gotoif 0 31
71 gotoif 0 30
72 gotoif 0 29
73 gotoif 0 28
74 gotoif 0 27
75 gotoif 0 26
76 gotoif 0 25
77 gotoif 0 24
78 gotoif 0 23
79 gotoif 0 22
80 gotoif 0 21
81 gotoif 0 20
82 gotoif 0 19
83 gotoif 0 18
84 gotoif 0 17
85 gotoif 0 16
86 gotoif 0 15
87 gotoif 0 14
88 gotoif 0 13
89 gotoif 0 12
90 gotoif 0 11
91 gotoif 0 10
92 gotoif 0 9
93 gotoif 0 8
94 gotoif 0 7
95 gotoif 0 6
96 gotoif 0 5
97 gotoif 0 4
98 gotoif 0 3
99 gotoif 0 2
100 halt
